0.000000000000000000e+00 0.000000000000000000e+00 4.000000000000000777e-01
0.000000000000000000e+00 2.000000000000000666e-01 3.642734410091836295e-01
1.414213562373094479e-01 1.414213562373095590e-01 3.642734410091836295e-01
2.000000000000000666e-01 0.000000000000000000e+00 3.642734410091836295e-01
1.414213562373095590e-01 -1.414213562373095034e-01 3.642734410091836295e-01
0.000000000000000000e+00 -2.000000000000000666e-01 3.642734410091836295e-01
-1.414213562373095034e-01 -1.414213562373096145e-01 3.642734410091836295e-01
-2.000000000000000666e-01 -5.551115123125782702e-17 3.642734410091836295e-01
-1.414213562373096145e-01 1.414213562373094479e-01 3.642734410091836295e-01
0.000000000000000000e+00 3.464101615137755719e-01 2.666666666666666630e-01
2.449489742783178547e-01 2.449489742783178547e-01 2.666666666666666630e-01
3.464101615137755719e-01 0.000000000000000000e+00 2.666666666666666630e-01
2.449489742783178547e-01 -2.449489742783177992e-01 2.666666666666666630e-01
0.000000000000000000e+00 -3.464101615137755164e-01 2.666666666666666630e-01
-2.449489742783177992e-01 -2.449489742783178825e-01 2.666666666666666630e-01
-3.464101615137755164e-01 -5.551115123125782702e-17 2.666666666666666630e-01
-2.449489742783178825e-01 2.449489742783178547e-01 2.666666666666666630e-01
0.000000000000000000e+00 4.000000000000000222e-01 1.333333333333333315e-01
2.828427124746190069e-01 2.828427124746190069e-01 1.333333333333333315e-01
4.000000000000000222e-01 0.000000000000000000e+00 1.333333333333333315e-01
2.828427124746190069e-01 -2.828427124746190069e-01 1.333333333333333315e-01
1.110223024625156540e-16 -4.000000000000000222e-01 1.333333333333333315e-01
-2.828427124746190069e-01 -2.828427124746191179e-01 1.333333333333333315e-01
-4.000000000000000222e-01 -1.110223024625156540e-16 1.333333333333333315e-01
-2.828427124746191179e-01 2.828427124746190069e-01 1.333333333333333315e-01
0.000000000000000000e+00 3.464101615137755719e-01 0.000000000000000000e+00
2.449489742783178547e-01 2.449489742783178547e-01 0.000000000000000000e+00
3.464101615137755719e-01 0.000000000000000000e+00 0.000000000000000000e+00
2.449489742783178547e-01 -2.449489742783177992e-01 0.000000000000000000e+00
0.000000000000000000e+00 -3.464101615137755164e-01 0.000000000000000000e+00
-2.449489742783177992e-01 -2.449489742783178825e-01 0.000000000000000000e+00
-3.464101615137755164e-01 -5.551115123125782702e-17 0.000000000000000000e+00
-2.449489742783178825e-01 2.449489742783178547e-01 0.000000000000000000e+00
